-713.0x+450 => -469.0x+450 via 0.65778401122(-713.0x+450)+153.997194951
[0, 39.467040673211784, 42.532959326788216]
0.0	450.0	60.0	450.0	82.0	82.0
[0.3079943899018233, 39.980112201963536, 42.44789340813464]
0.01	442.87	60.78	445.31	82.736	82.736
[0.615372791023843, 40.482777587657786, 42.36299762131837]
0.02	435.74	61.54418	440.62	83.461148	83.461148
[0.9221364353436188, 40.975057642580644, 42.278271626075735]
0.03	428.61	62.29257164	435.93	84.175465704	84.175465704
[1.2282865523747548, 41.45697313739366, 42.19371508282358]
0.04	421.48	63.0252064967	431.24	84.8789747726	84.8789747726
[1.5338243691718287, 41.92854480121705, 42.10932765265793]
0.05	414.35	63.7421160837	426.55	85.571696823	85.571696823
[1.8387511103353082, 42.02510899735262, 42.389793321712794]
0.06	407.22	64.4433318516	421.86	86.2536534294	86.2536534294
[2.143067998016461, 41.94105877935792, 42.84073934516755]
0.07	400.09	65.1288851879	417.17	86.9248661225	86.9248661225
[2.4467762519222513, 41.857176661799194, 43.281403476575385]
0.08	392.96	65.7988074175	412.48	87.5853563903	87.5853563903
[2.74987708932023, 41.7734623084756, 43.711806279720406]
0.09	385.83	66.4531298026	407.79	88.2351456775	88.2351456775
[3.052371725043413, 41.68991538385865, 44.13196827725914]
0.1	378.7	67.091883543	403.1	88.8742553862	88.8742553862
[3.3542613714951495, 41.60653555309093, 44.541909950802804]
0.11	371.57	67.715099776	398.41	89.5027068754	89.5027068754
[3.6555472386539822, 41.52332248198475, 44.94165174099937]
0.12	364.44	68.3228095764	393.72	90.1205214616	90.1205214616
[3.9562305340784976, 41.44027583702078, 45.331214047615546]
0.13	357.31	68.9150439572	389.03	90.7277204187	90.7277204187
[4.256312462912163, 41.35739528534673, 45.71061722961849]
0.14	350.18	69.4918338693	384.34	91.3243249779	91.3243249779
[4.555794227888163, 41.27468049477604, 46.07988160525745]
0.15	343.05	70.0532102016	379.65	91.9103563279	91.9103563279
[4.85467702933421, 41.192131133786496, 46.4390274521451]
0.16	335.92	70.5992037812	374.96	92.4858356153	92.4858356153
[5.152962065177365, 41.109746871518915, 46.78807500733899]
0.17	328.79	71.1298453736	370.27	93.050783944	93.050783944
[5.450650530948835, 41.02752737777588, 47.1270444674225]
0.18	321.66	71.6451656829	365.58	93.6052223761	93.6052223761
[5.747743619788761, 40.945472323020326, 47.45595598858583]
0.19	314.53	72.1451953515	360.89	94.1491719314	94.1491719314
[6.044242522451006, 40.863581378374285, 47.77482968670682]
0.2	307.4	72.6299649608	356.2	94.6826535875	94.6826535875
[6.340148427307927, 40.781854215617535, 48.08368563743158]
0.21	300.27	73.0995050309	351.51	95.2056882804	95.2056882804
[6.635462520355135, 40.7002905071863, 48.38254387625491]
0.22	293.14	73.5538460208	346.82	95.7182969038	95.7182969038
[6.930185985216248, 40.61888992617193, 48.67142439860058]
0.23	286.01	73.9930183288	342.13	96.22050031	96.22050031
[7.224320003147639, 40.53765214631959, 48.95034715990155]
0.24	278.88	74.4170522921	337.44	96.7123193094	96.7123193094
[7.517865753043167, 40.45657684202695, 49.21933207567991]
0.25	271.75	74.8259781875	332.75	97.1937746708	97.1937746708
[7.810824411438904, 40.3756636883429, 49.47839902162676]
0.26	264.62	75.2198262312	328.06	97.6648871214	97.6648871214
[8.103197152517849, 40.29491236096621, 49.72756783368166]
0.27	257.49	75.5986265787	323.37	98.1256773472	98.1256773472
[8.394985148114635, 40.214322536244275, 49.96685830811248]
0.28	250.36	75.9624093256	318.68	98.5761659925	98.5761659925
[8.68618956772023, 40.13389389117179, 50.19629020159443]
0.29	243.23	76.3112045069	313.99	99.0163736605	99.0163736605
[8.976811578486613, 40.05362610338945, 50.41588323128941]
0.3	236.1	76.6450420979	309.3	99.4463209132	99.4463209132
[9.266852345231463, 39.97351885118267, 50.625657074925]
0.31	228.97	76.9639520137	304.61	99.8660282713	99.8660282713
[9.556313030442823, 39.8935718134803, 50.82563137087333]
0.32	221.84	77.2679641097	299.92	100.275516215	100.275516215
[9.84519479428376, 39.81378466985334, 51.01582571822977]
0.33	214.71	77.5571081814	295.23	100.674805182	100.674805182
[10.133498794597017, 39.73415710051363, 51.196259676891465]
0.34	207.58	77.8314139651	290.54	101.063915572	101.063915572
[10.421226186909646, 39.654688786312605, 51.36695276763587]
0.35	200.45	78.0909111372	285.85	101.442867741	101.442867741
[10.708378124437651, 39.57537940873998, 51.52792447219877]
0.36	193.32	78.3356293149	281.16	101.811682005	101.811682005
[10.9949557580906, 39.4962286499225, 51.67919423335256]
0.37	186.19	78.5655980562	276.47	102.170378641	102.170378641
[11.280960236476243, 39.41723619262265, 51.820781454984036]
0.38	179.06	78.7808468601	271.78	102.518977884	102.518977884
[11.566392705905113, 39.33840172023741, 51.95270550217224]
0.39	171.93	78.9814051664	267.09	102.857499928	102.857499928
[11.851254310395126, 39.259724916796934, 52.07498570126605]
0.4	164.8	79.1673023561	262.4	103.185964928	103.185964928
[12.135546191676159, 39.18120546696334, 52.1876413399617]
0.41	157.67	79.3385677514	257.71	103.504392999	103.504392999
[12.41926948919463, 39.102843056029414, 52.29069166737997]
0.42	150.54	79.4952306159	253.02	103.812804213	103.812804213
[12.702425340118065, 39.02463736991736, 52.38415589414338]
0.43	143.41	79.6373201546	248.33	104.111218604	104.111218604
[12.985014879339651, 38.94658809517752, 52.46805319245328]
0.44	136.28	79.7648655143	243.64	104.399656167	104.399656167
[13.267039239482795, 38.86869491898717, 52.54240269616655]
0.45	129.15	79.8778957833	238.95	104.678136855	104.678136855
[13.548499550905651, 38.79095752914919, 52.607223500872394]
0.46	122.02	79.9764399917	234.26	104.946680581	104.946680581
[13.829396941705664, 38.71337561409089, 52.662534663968835]
0.47	114.89	80.0605271117	229.57	105.20530722	105.20530722
[14.109732537724076, 38.63594886286271, 52.70835520473907]
0.48	107.76	80.1301860575	224.88	105.454036605	105.454036605
[14.389507462550451, 38.55867696513698, 52.74470410442777]
0.49	100.63	80.1854456854	220.19	105.692888532	105.692888532
[14.668722837527172, 38.48155961120671, 52.77160030631708]
0.5	93.5	80.226334794	215.5	105.921882755	105.921882755
[14.947379781753941, 38.4045964919843, 52.7890627158026]
0.51	86.37	80.2528821245	210.81	106.14103899	106.14103899
[15.225479412092257, 38.32778729900033, 52.79711020046919]
0.52	79.24	80.2651163602	206.12	106.350376912	106.350376912
[15.503022843169896, 38.25113172440233, 52.795761590166435]
0.53	72.11	80.2630661275	201.43	106.549916158	106.549916158
[15.780011187385382, 38.174629460953525, 52.78503567708426]
0.54	64.98	80.2467599952	196.74	106.739676325	106.739676325
[16.056445554912433, 38.09828020203162, 52.76495121582829]
0.55	57.85	80.2162264752	192.05	106.919676973	106.919676973
[16.332327053704432, 38.02208364162755, 52.73552692349481]
0.56	50.72	80.1714940223	187.36	107.089937619	107.089937619
[16.607656789498847, 37.946039474344296, 52.69678147974601]
0.57	43.59	80.1125910342	182.67	107.250477744	107.250477744
[16.88243586582167, 37.87014739539561, 52.64873352688467]
0.58	36.46	80.0395458522	177.98	107.401316788	107.401316788
[17.15666538399185, 37.794407100604815, 52.59140166992905]
0.59	29.33	79.9523867605	173.29	107.542474155	107.542474155
[17.43034644312569, 37.718818286403604, 52.5248044766874]
0.6	22.2	79.8511419869	168.6	107.673969206	107.673969206
[17.703480140141263, 37.6433806498308, 52.44896047783219]
0.61	15.07	79.735839703	163.91	107.795821268	107.795821268
[17.9760675697628, 37.56809388853114, 52.363888166974704]
0.62	7.94	79.6065080236	159.22	107.908049625	107.908049625
[18.2481098245251, 37.492957700754076, 52.26960600073891]
0.63	0.81	79.4631750075	154.53	108.010673526	108.010673526
[18.519607994777868, 37.41797178535257, 52.16613239883562]
0.64	-6.32	79.3058686575	149.84	108.103712179	108.103712179
[18.790563168690134, 37.34313584178186, 52.05348574413614]
0.65	-13.45	79.1346169202	145.15	108.187184755	108.187184755
[19.060976432254577, 37.2684495700983, 51.931684382746056]
0.66	-20.58	78.9494476863	140.46	108.261110385	108.261110385
[19.33084886929189, 37.193912670958106, 51.800746624078734]
0.67	-27.71	78.750388791	135.77	108.325508164	108.325508164
[19.60018156145513, 37.11952484561618, 51.66069074092876]
0.68	-34.84	78.5374680134	131.08	108.380397148	108.380397148
[19.868975588234044, 37.045285795924954, 51.511534969545075]
0.69	-41.97	78.3107130774	126.39	108.425796354	108.425796354
[20.1372320269594, 36.9711952243331, 51.35329750970417]
0.7	-49.1	78.0701516512	121.7	108.461724761	108.461724761
[20.404951952807302, 36.89725283388444, 51.18599652478292]
0.71	-56.23	77.8158113479	117.01	108.488201311	108.488201311
[20.672136438803513, 36.82345832821667, 51.00965014183154]
0.72	-63.36	77.5477197252	112.32	108.505244909	108.505244909
[20.93878655582773, 36.74981141156024, 50.82427645164606]
0.73	-70.49	77.2659042858	107.63	108.512874419	108.512874419
[21.2049033726179, 36.67631178873711, 50.62989350884091]
0.74	-77.62	76.9703924772	102.94	108.51110867	108.51110867
[21.470487955774484, 36.60295916515964, 50.42651933192143]
0.75	-84.75	76.6612116922	98.25	108.499966453	108.499966453
[21.73554136976476, 36.529753246829316, 50.21417190335575]
0.76	-91.88	76.3383892689	93.56	108.47946652	108.47946652
[22.000064676927053, 36.456693740335666, 49.99286916964722]
0.77	-99.01	76.0019524903	88.87	108.449627587	108.449627587
[22.264058937475024, 36.38378035285499, 49.76262904140613]
0.78	-106.14	75.6519285853	84.18	108.410468332	108.410468332
[22.527525209501903, 36.311012792149285, 49.523469393421486]
0.79	-113.27	75.2883447282	79.49	108.362007395	108.362007395
[22.790464548984723, 36.23839076656498, 49.27540806473283]
0.8	-120.4	74.9112280387	74.8	108.30426338	108.30426338
[23.052878009788575, 36.16591398503185, 49.0184628587015]
0.81	-127.53	74.5206055826	70.11	108.237254854	108.237254854
[23.314766643670822, 36.09358215706179, 48.75265154308231]
0.82	-134.66	74.1165043715	65.42	108.161000344	108.161000344
[23.576131500285307, 36.021394992747666, 48.47799185009425]
0.83	-141.79	73.6989513627	60.73	108.075518343	108.075518343
[23.836973627186556, 35.94935220276217, 48.194501476492285]
0.84	-148.92	73.26797346	56.04	107.980827306	107.980827306
[24.097294069834007, 35.877453498356644, 47.90219808363748]
0.85	-156.05	72.8235975131	51.35	107.876945652	107.876945652
[24.357093871596163, 35.805698591359935, 47.6010992975684]
0.86	-163.18	72.3658503181	46.66	107.763891761	107.763891761
[24.616374073754795, 35.734087194177214, 47.291222709071434]
0.87	-170.31	71.8947586174	41.97	107.641683977	107.641683977
[24.87513571550911, 35.662619019788856, 46.97258587375147]
0.88	-177.44	71.4103491002	37.28	107.510340609	107.510340609
[25.133379833979916, 35.59129378174928, 46.64520631210214]
0.89	-184.57	70.912648402	32.59	107.369879928	107.369879928
[25.39110746421378, 35.52011119418578, 46.30910150957611]
0.9	-191.7	70.4016831052	27.9	107.220320168	107.220320168
[25.648319639187175, 35.44907097179741, 45.96428891665517]
0.91	-198.83	69.877479739	23.21	107.061679528	107.061679528
[25.905017389810624, 35.37817282985382, 45.610785948920004]
0.92	-205.96	69.3400647795	18.52	106.893976169	106.893976169
[26.16120174493283, 35.30741648419411, 45.24860998712036]
0.93	-213.09	68.7894646499	13.83	106.717228216	106.717228216
[26.416873731344786, 35.23680165122572, 44.87777837724426]
0.94	-220.22	68.2257057206	9.14	106.53145376	106.53145376
[26.67203437378392, 35.166328047923265, 44.49830843058796]
0.95	-227.35	67.6488143092	4.45	106.336670852	106.336670852
[26.926684694938178, 35.095995391827415, 44.110217423824984]
0.96	-234.48	67.0588166806	-0.24	106.132897511	106.132897511
[27.18082571545012, 35.02580340104377, 43.71352259907552]
0.97	-241.61	66.4557390472	-4.93	105.920151716	105.920151716
[27.434458453921042, 34.95575179424168, 43.30824116397555]
0.98	-248.74	65.8396075691	-9.62	105.698451412	105.698451412
[27.687583926915025, 34.88584029065319, 42.89439029174577]
0.99	-255.87	65.210448354	-14.31	105.467814509	105.467814509
